1+1
2*5
3-2
a<-2
b<-3
a+b
a <- 5
b <- 7
a*b
a=5
b=7
a*b